2 5.1975250244140625e-05 
3 5.984306335449219e-05 
4 7.581710815429688e-05 
6 0.00016570091247558594 
7 0.0002777576446533203 
8 0.00027680397033691406 
9 0.00037789344787597656 
10 0.0003311634063720703 
11 0.0003974437713623047 
12 0.00047397613525390625 
13 0.0005528926849365234 
14 0.0006272792816162109 
15 0.0008845329284667969 
17 0.0009946823120117188 
19 0.0016107559204101562 
20 0.0014674663543701172 
21 0.001619100570678711 
22 0.0018422603607177734 
23 0.0020198822021484375 
24 0.002187490463256836 
25 0.0023827552795410156 
26 0.00235748291015625 
27 0.0026073455810546875 
28 0.0028433799743652344 
29 0.003131866455078125 
30 0.0034406185150146484 
31 0.0036399364471435547 
32 0.0050601959228515625 
33 0.005398750305175781 
34 0.0063533782958984375 
36 0.007331132888793945 
37 0.005745410919189453 
38 0.0063059329986572266 
39 0.00655055046081543 
40 0.007195949554443359 
41 0.007433891296386719 
42 0.007923364639282227 
43 0.008405208587646484 
44 0.00895071029663086 
46 0.01114654541015625 
47 0.010842084884643555 
48 0.011499166488647461 
49 0.011926889419555664 
50 0.012632608413696289 
51 0.013323068618774414 
52 0.013982057571411133 
53 0.014705181121826172 
54 0.015426397323608398 
55 0.016229629516601562 
56 0.017332077026367188 
57 0.01798868179321289 
58 0.018881797790527344 
59 0.019623756408691406 
60 0.020579814910888672 
61 0.02199530601501465 
62 0.022532224655151367 
63 0.023398637771606445 
64 0.025669574737548828 
66 0.027227401733398438 
67 0.029512643814086914 
69 0.030080795288085938 
70 0.031402587890625 
71 0.032572269439697266 
72 0.033844947814941406 
73 0.03526616096496582 
74 0.036689043045043945 
75 0.03788900375366211 
76 0.03925466537475586 
77 0.04104804992675781 
78 0.04238724708557129 
79 0.04373311996459961 
80 0.048789024353027344 
81 0.04695582389831543 
82 0.0488433837890625 
83 0.05031704902648926 
84 0.051773786544799805 
85 0.05393362045288086 
86 0.05567789077758789 
88 0.060503244400024414 
89 0.06513190269470215 
90 0.06293463706970215 
91 0.06493091583251953 
92 0.06717181205749512 
93 0.06903719902038574 
94 0.07098770141601562 
95 0.0732119083404541 
98 0.08012175559997559 
99 0.08224081993103027 
